10.941043111397184	557.3625978184654	0.05791513903782663
10.364145234602264	574.0466532292019	0.5061778087849871
9.714350772431805	594.3418586731968	0.6520436648833096
8.560725828297972	568.4955589878871	0.2968262386914448
11.531882653471708	565.7515307021904	0.01847817027202289
12.218919214936507	573.6867115875664	0.4858745770798031
10.579422403775927	584.9701787330604	1.3704045198265704
9.995204593783917	618.3660872866689	0.2975798628271192
10.017395151845331	577.7043331244979	0.4464538443880801
11.629132104647498	582.2829828507597	0.1323489483625115
11.370043490271215	582.9265561140576	0.366327929221489
11.747373115847452	582.3038386687622	0.15845882602560427
9.437223214058584	579.7291201057013	1.7126949968978145
11.497026643563956	576.338729506622	0.12449021138485238
11.653969822532988	597.6302374686095	1.2166904030394994
11.543869836528032	548.7390477216867	1.1031770749414513
11.800161843508898	583.3460971543053	0.18730395011758952
10.428168280872736	560.938113231702	0.07304489276922421
8.524285247523537	568.6018930041018	0.03595453708301639
9.59796883912204	566.0877349164003	0.45788445716894066
12.655385350117513	591.519554498214	0.18856706774458173
11.600805269086003	570.049289504693	0.13620079755779468
10.120459800757727	570.8476452590393	0.8539643477690698
11.36255493410024	593.2106705402166	0.7686406857453295
7.338689617633106	577.1674561175753	0.08160150947356185
11.966855133514894	590.2407780008192	0.14219553276219524
10.96754441980449	602.476994112767	0.33133822835240234
11.537804728516617	602.1207010040822	0.21439213834900364
10.77050903623692	573.002932994057	0.33685289711146194
7.188692258070449	568.33480921001	0.14353952431828648
6.8314370474358554	590.5257556610665	1.3744388058384758
6.4302387556844876	602.5968847746299	0.6542828739106736
9.972497178016912	594.7739881282195	0.2603716284630277
12.792726771478458	562.3567848716249	0.1873505420183208
11.72574162948169	571.8221403825704	0.7173638858517062
11.1063096600839	579.8823880488673	0.6444934335218386
11.414432204864418	556.545572689477	0.13238212180849668
10.782342705048016	593.7440410184255	0.7465925433070378
10.07762679923335	605.7765924152839	0.8881002794587347
12.020115660254607	573.5921049048737	1.4901745436235228
9.085506844804167	554.0291089866457	0.029209567120111753
12.112712871127203	538.2611523935249	0.18243657718961637
11.429390087403307	545.463408658139	0.3234440181705663
9.74823479893055	576.1859724769716	0.3341555438448591
9.702512608390006	617.1879609606915	1.0131809079030332
11.360715446479706	539.6667541192708	0.27990123446124704
10.29225354508102	574.2817545869988	0.00023589078538921777
10.868936939395562	609.7099138699314	0.05698193756761009
9.121877196870306	578.4218728103285	0.34135477826379584
11.133845581840331	546.846244582389	0.2465925780601314
11.346425624896401	574.2937555454923	0.3270411765527811
11.714843925622256	576.2266237477478	0.41445955769157616
13.515297642376455	637.8759410313492	0.48247878369120517
9.488912635057604	591.4751252162877	0.00032977416534688936
8.27445598725185	585.8200790089784	0.19781960474838683
10.534183991390831	581.9565127028188	0.25290577186090446
7.4410379301375995	566.3377159287357	0.8457223795196935
11.43920352692729	593.5816133129656	0.6423733498440866
8.828199699330076	573.7533216117884	1.0103958105034112
11.319894220573804	596.9294054656435	0.1867587422161006
10.002888788609765	564.1088049293741	0.30114735089737216
11.617946639297788	554.8328274268706	1.492933256536496
9.774284536483016	576.9016100361926	0.1634339421163675
12.393200447570432	578.4554420848362	0.15431046608965637
8.913877372263753	553.2500279239073	0.23116219066997692
7.63496708430624	566.0085253597824	0.006057986451026868
10.059071655310916	599.1707967460793	0.1880425257920242
9.733255732799343	562.8733437961369	0.2021987766738092
11.381735376036637	567.9888774693119	0.14110096395343164
10.813230370199147	545.292705214679	0.15361133755408507
10.859286664937624	601.8965410918711	0.08066370301267299
12.279926880168452	555.2165872810399	0.14141045102033714
12.176195032603097	567.9262078818516	0.039238137821853834
11.676586779185499	603.0763930370741	0.024006902550567137
13.3826129449699	593.5164820673433	2.185764489213834
12.071099251428222	574.8221552830514	0.15100316624267024
8.553112397255008	555.7934182962995	0.8461988515374701
9.808776860157925	576.3925157620156	0.6394298433155635
9.911746838947819	583.5925956379398	0.04787820822172939
8.49620790167185	572.5113873709568	0.4618032998043014
11.790034679922341	587.8371007839813	1.5059269308799716
10.133012780306219	569.4273573215656	0.4812976331036258
11.110164902430148	589.3202829714074	0.10935499981573896
9.780531424972912	598.1526546150283	0.03351839131936779
12.30945697789037	590.5644172423758	0.3415939053752866
11.053451847573651	556.7743954525456	0.3651802126709091
10.066793840305124	579.1016983715145	0.7115892163243872
10.296604950494466	602.1079990837394	0.16145300050737393
10.899296455543615	576.6653875914175	0.5137945074269514
11.269082899868412	568.2823223461909	0.3456751282675825
11.711694438199409	607.2066892640753	0.06183926332216403
8.660830152870103	549.6917616353827	0.3821788909163258
11.366597751600299	563.6068472563734	0.3633687290381363
8.94107606885966	571.1378694856246	0.04713192742731128
10.959209997147962	574.621123042653	0.08862461467459953
11.784534771058194	580.4373168909301	0.14309943574225886
11.181054025727853	563.8293012560756	0.6538347699292097
10.075168654186744	549.8291548417623	0.172685941253806
12.003681473672675	563.9704023325149	0.052525196082185026
9.383969541524849	580.4458887823769	0.317739365070967
12.782402375210092	569.8908687519795	0.8776764371524287
9.671699442389817	569.9522886241912	0.4581790480279028
10.643921853010735	601.9569765869255	0.5313530309159826
11.310519144515787	571.7774027757458	0.03144213932147003
9.105374897427158	562.2200544895381	0.33677703405314247
9.519408665642786	573.5068617389234	0.7502403624662835
10.578972378293384	590.6311344305809	0.7456039410018257
11.712443799941065	583.9148452552193	0.1525955028259123
10.068746774859468	570.478407875079	0.32624633886433896
11.199929678244716	556.497792961748	0.5810513659294749
11.067212483663042	589.1444669107066	0.04789707032479879
11.119502021841718	562.6952617274055	0.06979099814583828
10.883199435990644	561.8527392490018	0.5116447258593574
13.248613143707693	557.9847860612697	0.8504844955646356
11.518219767232393	584.7836864403139	0.007663125557291121
11.99296778782135	589.1191701365942	1.6350285103945406
8.33184029708678	588.8894592321772	0.901610741102767
8.121663003063354	581.507648684634	0.2590366627107205
10.966752423459209	592.8879529548701	0.5873409941818561
11.447004261932078	589.9947235501803	0.3033613303023564
11.777718866789392	565.6285939561991	0.44219386600523264
12.586336975795959	579.656151647491	0.2523544580870694
8.262500992897554	564.1223477608194	0.8124945079560921
12.169469553574418	590.2006253408829	0.3910324720804209
12.292792700849958	581.1074447862734	0.49852921646742304
12.333674399259998	592.733760675699	0.23124491713401968
8.73846437434855	564.9268057698257	0.5130380114040979
11.490184564138618	582.8457675974186	0.3050258499266986
9.939085677826593	580.2080242349205	1.522126481778065
13.146184806461383	589.0085747067889	0.02814849794303561
10.582368295430953	576.2777544847137	0.7919688438201261
11.91337860712317	567.4816804484802	0.520402879581607
10.79544854971832	587.1328288213991	0.3224832695633519
12.762719283313212	583.3484380808869	0.12908341998924447
5.618134525592868	600.6080342263242	0.1824963424328517
11.048367939566553	585.5254123287539	0.491131441564292
10.205393819779577	592.5639937017444	0.6407358933345448
10.849062657849062	556.5530295332985	0.4616275957301558
8.162005595897199	566.2836934567156	0.15075135574472884
8.436410920294227	571.6833206276153	0.7264346811836068
12.334691724594363	617.2637672316938	0.20213034382097503
11.379060381192922	553.0649384668983	0.2245999662008849
11.180980175844846	583.6920801331278	0.8533022152427959
10.772060898700275	619.4529776507668	0.8123512739240119
11.910469432809094	583.2347129238295	0.6307606535852153
9.43154175128701	573.9696722688129	1.4828521439036468
10.226725675681234	566.7885527558543	1.3320405428829694
11.400920020278301	567.7380221217276	0.16080602297567773
8.357529551243871	601.1456152880912	0.7833492457234106
8.585246366032676	551.8973992829619	0.18624199561483987
10.30296292246885	571.7987501514862	0.15890086653293756
9.951805248211219	591.684576161184	0.5268378682067474
11.487256557277426	596.6376121731844	0.5763798526760681
12.97594670199566	573.8795767983657	0.23912716443457943
9.64110243405716	562.9619539596642	0.18838842070895118
11.312210349708735	569.833681839915	0.27392963836882855
12.638542359580999	589.4792242855353	0.009027118441111199
8.797386445706165	552.1427456829335	0.47384291027808056
11.364564247896368	573.3493695630665	0.0744625671187686
7.855450569655961	590.140362645599	0.34247721045884544
9.166999498521685	588.5671870184493	0.35749543476596213
10.870378689460658	551.4409298798502	0.3141577382226692
9.857498331857006	581.4181421230204	0.4550496724444599
9.61773100800133	537.2488662604662	0.002145932908506211
8.721769563838812	589.4463040652621	0.013314767421731478
6.896935148081066	573.4133268432287	0.5291213743863327
9.350419302101875	579.7816216761662	0.30288162095486443
11.239238217094778	580.1877180467594	0.303565661205988
10.11904550345453	588.4389478876511	1.4783710361711528
11.019789031965546	576.4998307193499	0.08238764902356778
9.755434867706832	622.621373036282	0.46751675749106214
9.848092247963073	588.8245579180212	0.30712584960312
10.328089069911405	568.4203034027452	0.031367098145319836
8.522382304738624	595.1240452134296	0.9047807847970183
12.914521677412615	578.9631222454227	0.19229976114695302
11.24934333028074	571.0358123153015	0.17550617037954974
12.7240285689801	574.8993477558588	0.15394449159406315
9.15135139289567	575.9891176187626	0.04879176618718843
6.666365375453154	561.8397280604354	0.27158818068896395
11.544893220258773	573.7489036760869	0.14623504230517892
8.542770861737901	590.3936514730723	0.3864739714412751
9.224587761203296	562.3362850295836	0.2203754792320437
10.940398178472403	597.9857311413384	0.6075079708092774
10.097281460802092	585.0039837633644	0.7352820189205331
10.350382541815137	586.696870992182	0.18512553493056866
7.88657573161296	579.159862440684	0.18242504438854823
12.287732157511025	574.9062372495387	2.2967793410280457
8.988650876496235	580.4769739019305	1.046264287687614
10.776766828576891	578.7006951125002	0.2985927283538753
11.873283511442724	577.159332544121	0.321800313243041
9.35290764168175	552.5569813879034	1.2868825017500292
8.226412750767796	566.1478484997299	0.8441276757056163
12.541352548001491	556.7645185711699	0.6085882423753931
9.223965642021264	552.5895160150359	0.07934099428925616
11.480048137939356	582.2505427972219	0.8812600968811151
10.153561343133237	571.2941012809301	0.15202581647908722
11.021735295750226	577.9645110575831	0.5474460107522204
10.951427005990325	600.5253924897457	0.9409991950780942
12.369111425523995	609.220008290351	0.1193422670648206
11.71641490605882	575.605408516237	0.7028332466409599